% matlab Code MAE 3201 FEA project
x= linspace(0,10);
HD= (1.50627E-06)*((-4.167*x.^4) +(83.333*x.^3) - (416.67* x.^2));
XSD=(1/1000)*[10000
9976.076172
9952.15332
9928.229492
9904.306641
9880.382813
9856.459961
9832.536133
9808.613281
9784.688477
9760.764648
9736.841797
9712.917969
9688.995117
9665.071289
9641.148438
9617.224609
9593.301758
9569.37793
9545.455078
9521.53125
9497.607422
9473.68457
9449.760742
9425.837891
9401.914063
9377.990234
9354.066406
9330.143555
9306.219727
9282.295898
9258.373047
9234.449219
9210.526367
9186.602539
9162.679688
9138.755859
9114.833008
9090.90918
9066.986328
9043.0625
9019.138672
8995.21582
8971.291992
8947.368164
8923.444336
8899.521484
8875.597656
8851.674805
8827.750977
8803.827148
8779.904297
8755.980469
8732.057617
8708.133789
8684.210938
8660.287109
8636.364258
8612.44043
8588.516602
8564.59375
8540.669922
8516.746094
8492.822266
8468.899414
8444.975586
8421.052734
8397.128906
8373.206055
8349.282227
8325.358398
8301.435547
8277.511719
8253.588867
8229.665039
8205.742188
8181.817871
8157.89502
8133.971191
8110.04834
8086.124512
8062.200684
8038.277832
8014.353516
7990.430664
7966.506836
7942.583496
7918.660156
7894.736816
7870.813477
7846.890137
7822.966797
7799.042969
7775.119629
7751.196289
7727.272949
7703.349121
7679.42627
7655.502441
7631.579102
7607.655762
7583.731934
7559.808594
7535.884766
7511.961914
7488.038086
7464.114746
7440.191406
7416.268066
7392.344238
7368.420898
7344.497559
7320.574219
7296.650879
7272.727539
7248.804199
7224.880371
7200.957031
7177.033203
7153.109863
7129.186523
7105.263184
7081.339844
7057.416016
7033.493164
7009.569336
6985.645996
6961.722168
6937.798828
6913.875488
6889.952148
6866.028809
6842.105469
6818.182129
6794.258789
6770.334961
6746.411133
6722.487793
6698.564453
6674.641113
6650.717773
6626.794434
6602.871094
6578.947266
6555.023926
6531.100098
6507.176758
6483.253418
6459.330078
6435.406738
6411.483398
6387.560059
6363.636719
6339.712891
6315.789551
6291.866211
6267.942383
6244.019043
6220.095703
6196.172363
6172.249023
6148.325684
6124.401855
6100.478027
6076.555176
6052.631348
6028.708008
6004.784668
5980.861328
5956.937988
5933.01416
5909.09082
5885.16748
5861.244141
5837.320801
5813.396973
5789.473633
5765.550293
5741.626953
5717.703125
5693.779785
5669.856445
5645.933105
5622.009766
5598.086426
5574.162598
5550.239258
5526.315918
5502.39209
5478.46875
5454.54541
5430.62207
5406.69873
5382.775391
5358.852051
5334.928223
5311.004883
5287.081055
5263.157715
5239.234375
5215.311035
5191.387695
5167.464355
5143.541016
5119.617676
5095.693359
5071.77002
5047.84668
5023.92334
5000
4976.07666
4952.15332
4928.22998
4904.306641
4880.382324
4856.458984
4832.535645
4808.612305
4784.688965
4760.765625
4736.842285
4712.918945
4688.995117
4665.071777
4641.147949
4617.224609
4593.30127
4569.37793
4545.45459
4521.53125
4497.60791
4473.684082
4449.760742
4425.837402
4401.913574
4377.990234
4354.066895
4330.143555
4306.220215
4282.296875
4258.373047
4234.449707
4210.526367
4186.603027
4162.679199
4138.755859
4114.83252
4090.908936
4066.985596
4043.062256
4019.138916
3995.215332
3971.291748
3947.368652
3923.445068
3899.52124
3875.598145
3851.674561
3827.751221
3803.827881
3779.904297
3755.980957
3732.057373
3708.134277
3684.210449
3660.286865
3636.36377
3612.440186
3588.516602
3564.593262
3540.669922
3516.746582
3492.822998
3468.899658
3444.976074
3421.05249
3397.129395
3373.205566
3349.282227
3325.358887
3301.435547
3277.511963
3253.588379
3229.665283
3205.741699
3181.818115
3157.894775
3133.971191
3110.047852
3086.124512
3062.200928
3038.277588
3014.354004
2990.430908
2966.50708
2942.583496
2918.6604
2894.736816
2870.813477
2846.889893
2822.966553
2799.043213
2775.119629
2751.196289
2727.272705
2703.349121
2679.426025
2655.502441
2631.578857
2607.655518
2583.732178
2559.808838
2535.88501
2511.961914
2488.03833
2464.114746
2440.191162
2416.267822
2392.344482
2368.421143
2344.497559
2320.574219
2296.650635
2272.727539
2248.803955
2224.880127
2200.956787
2177.033447
2153.110107
2129.186523
2105.263184
2081.339844
2057.41626
2033.493042
2009.569458
1985.64624
1961.722534
1937.799438
1913.87561
1889.95166
1866.028687
1842.104858
1818.181885
1794.258057
1770.334961
1746.411377
1722.488037
1698.564575
1674.641113
1650.717773
1626.794189
1602.870972
1578.947388
1555.02417
1531.100464
1507.177368
1483.25354
1459.330566
1435.406738
1411.482788
1387.559814
1363.635986
1339.713013
1315.789185
1291.866089
1267.942383
1244.019165
1220.095581
1196.172241
1172.248779
1148.325317
1124.4021
1100.478394
1076.555298
1052.631592
1028.708496
1004.784729
980.8616943
956.9378052
933.013916
909.0909424
885.1671143
861.2440186
837.3203125
813.3970947
789.4735107
765.5502319
741.626709
717.7033691
693.7799683
669.8565064
645.9331665
622.0095825
598.0863648
574.1626587
550.239563
526.3157959
502.3927612
478.4689026
454.5450134
430.6220093
406.6982422
382.775116
358.8514404
334.9282532
311.0046387
287.0813294
263.1578369
239.2344513
215.3110504
191.387558
167.4642639
143.5406647
119.6174622
95.69377899
71.77066803
47.8468895
23.9238739
0];

SD= (-1/1000)*[1.00E-30 
1.56E-03 
3.42E-03 
5.69E-03 
8.54E-03
1.20E-02
1.61E-02
2.08E-02
2.62E-02
3.21E-02
3.87E-02
4.59E-02
5.37E-02
6.20E-02
7.10E-02
8.05E-02
9.06E-02
1.01E-01
1.12E-01
1.24E-01
1.36E-01
1.49E-01
1.62E-01
1.76E-01
1.90E-01
2.05E-01
2.20E-01
2.36E-01
2.52E-01
2.68E-01
2.85E-01
3.03E-01
3.20E-01
3.39E-01
3.57E-01
3.76E-01
3.96E-01
4.15E-01
4.35E-01
4.56E-01
4.77E-01
4.98E-01
5.19E-01
5.41E-01
5.63E-01
5.86E-01
6.08E-01
6.32E-01
6.55E-01
6.78E-01
7.02E-01
7.26E-01
7.51E-01
7.75E-01
8.00E-01
8.25E-01
8.51E-01
8.76E-01
9.02E-01
9.28E-01
9.54E-01
9.80E-01
1.01E+00
1.03E+00
1.06E+00
1.09E+00
1.11E+00
1.14E+00
1.17E+00
1.20E+00
1.22E+00
1.25E+00
1.28E+00
1.31E+00
1.34E+00
1.36E+00
1.39E+00
1.42E+00
1.45E+00
1.48E+00
1.51E+00
1.53E+00
1.56E+00
1.59E+00
1.62E+00
1.65E+00
1.68E+00
1.71E+00
1.74E+00
1.76E+00
1.79E+00
1.82E+00
1.85E+00
1.88E+00
1.91E+00
1.94E+00
1.96E+00
1.99E+00
2.02E+00
2.05E+00
2.08E+00
2.11E+00
2.13E+00
2.16E+00
2.19E+00
2.22E+00
2.25E+00
2.27E+00
2.30E+00
2.33E+00
2.36E+00
2.38E+00
2.41E+00
2.44E+00
2.47E+00
2.49E+00
2.52E+00
2.55E+00
2.57E+00
2.60E+00
2.62E+00
2.65E+00
2.68E+00
2.70E+00
2.73E+00
2.75E+00
2.78E+00
2.80E+00
2.83E+00
2.85E+00
2.88E+00
2.90E+00
2.92E+00
2.95E+00
2.97E+00
2.99E+00
3.02E+00
3.04E+00
3.06E+00
3.08E+00
3.11E+00
3.13E+00
3.15E+00
3.17E+00
3.19E+00
3.21E+00
3.23E+00
3.25E+00
3.27E+00
3.29E+00
3.31E+00
3.33E+00
3.35E+00
3.37E+00
3.39E+00
3.41E+00
3.42E+00
3.44E+00
3.46E+00
3.48E+00
3.49E+00
3.51E+00
3.52E+00
3.54E+00
3.56E+00
3.57E+00
3.59E+00
3.60E+00
3.61E+00
3.63E+00
3.64E+00
3.66E+00
3.67E+00
3.68E+00
3.69E+00
3.71E+00
3.72E+00
3.73E+00
3.74E+00
3.75E+00
3.76E+00
3.77E+00
3.78E+00
3.79E+00
3.80E+00
3.81E+00
3.81E+00
3.82E+00
3.83E+00
3.84E+00
3.84E+00
3.85E+00
3.86E+00
3.86E+00
3.87E+00
3.87E+00
3.88E+00
3.88E+00
3.89E+00
3.89E+00
3.89E+00
3.90E+00
3.90E+00
3.90E+00
3.90E+00
3.91E+00
3.91E+00
3.91E+00
3.91E+00
3.91E+00
3.91E+00
3.91E+00
3.91E+00
3.91E+00
3.90E+00
3.90E+00
3.90E+00
3.90E+00
3.89E+00
3.89E+00
3.89E+00
3.88E+00
3.88E+00
3.87E+00
3.87E+00
3.86E+00
3.86E+00
3.85E+00
3.84E+00
3.84E+00
3.83E+00
3.82E+00
3.82E+00
3.81E+00
3.80E+00
3.79E+00
3.78E+00
3.77E+00
3.76E+00
3.75E+00
3.74E+00
3.73E+00
3.72E+00
3.71E+00
3.69E+00
3.68E+00
3.67E+00
3.66E+00
3.64E+00
3.63E+00
3.61E+00
3.60E+00
3.59E+00
3.57E+00
3.56E+00
3.54E+00
3.53E+00
3.51E+00
3.49E+00
3.48E+00
3.46E+00
3.44E+00
3.42E+00
3.41E+00
3.39E+00
3.37E+00
3.35E+00
3.33E+00
3.31E+00
3.29E+00
3.27E+00
3.25E+00
3.23E+00
3.21E+00
3.19E+00
3.17E+00
3.15E+00
3.13E+00
3.11E+00
3.08E+00
3.06E+00
3.04E+00
3.02E+00
2.99E+00
2.97E+00
2.95E+00
2.92E+00
2.90E+00
2.88E+00
2.85E+00
2.83E+00
2.80E+00
2.78E+00
2.75E+00
2.73E+00
2.70E+00
2.68E+00
2.65E+00
2.62E+00
2.60E+00
2.57E+00
2.55E+00
2.52E+00
2.49E+00
2.47E+00
2.44E+00
2.41E+00
2.38E+00
2.36E+00
2.33E+00
2.30E+00
2.27E+00
2.25E+00
2.22E+00
2.19E+00
2.16E+00
2.14E+00
2.11E+00
2.08E+00
2.05E+00
2.02E+00
1.99E+00
1.96E+00
1.94E+00
1.91E+00
1.88E+00
1.85E+00
1.82E+00
1.79E+00
1.76E+00
1.74E+00
1.71E+00
1.68E+00
1.65E+00
1.62E+00
1.59E+00
1.56E+00
1.53E+00
1.51E+00
1.48E+00
1.45E+00
1.42E+00
1.39E+00
1.36E+00
1.34E+00
1.31E+00
1.28E+00
1.25E+00
1.22E+00
1.20E+00
1.17E+00
1.14E+00
1.11E+00
1.09E+00
1.06E+00
1.03E+00
1.01E+00
9.80E-01
9.54E-01
9.28E-01
9.02E-01
8.76E-01
8.51E-01
8.25E-01
8.00E-01
7.76E-01
7.51E-01
7.27E-01
7.02E-01
6.79E-01
6.55E-01
6.32E-01
6.09E-01
5.86E-01
5.63E-01
5.41E-01
5.20E-01
4.98E-01
4.77E-01
4.56E-01
4.36E-01
4.15E-01
3.96E-01
3.76E-01
3.57E-01
3.39E-01
3.21E-01
3.03E-01
2.85E-01
2.68E-01
2.52E-01
2.36E-01
2.20E-01
2.05E-01
1.90E-01
1.76E-01
1.62E-01
1.49E-01
1.36E-01
1.24E-01
1.12E-01
1.01E-01
9.06E-02
8.05E-02
7.10E-02
6.21E-02
5.37E-02
4.59E-02
3.87E-02
3.21E-02
2.62E-02
2.08E-02
1.61E-02
1.20E-02
8.51E-03
5.65E-03
3.38E-03
1.55E-03
1.00E-30];
plot(x, HD)
hold on
plot(XSD, SD)
title('Displacement Comparison')
xlabel('Length [m]')
ylabel('Displacement [mm]')
legend('Hand Calculations', 'SOLIDWORKS Study')
